,A,R,N,D,C,Q,E,G,H,I,L,K,M,F,P,S,T,W,Y,V
0,0.08190758567684635,0.05120415331275552,0.04255628908382938,0.05785337016700522,0.014652338920846265,0.03884419541671229,0.0684907625886536,0.07194106640674053,0.02277609016620468,0.05964003655779098,0.09385254080138862,0.059227646885221606,0.021539934390952073,0.03905345664458448,0.043892755860511876,0.06209362978745643,0.0543622700086407,0.012946838582261583,0.03305218166562506,0.07011285707597285
1,0.08190775726005206,0.05128125633638156,0.04253987473988259,0.05785784187936874,0.01467978475414676,0.03888084580523844,0.06859851184049987,0.07182646823551223,0.022763110323514205,0.05963671830740135,0.09390952903494759,0.05929457369024295,0.021539529945444405,0.039012223826601085,0.043862452352279105,0.06205536701211367,0.0543320988357107,0.012932971134881439,0.03304477865373903,0.07004430603204206
2,0.08185012350403614,0.05138286230515428,0.042487895961762154,0.05776761310519961,0.014719410109087725,0.03886849581263168,0.06866426289786853,0.0717221972652657,0.02274073358927956,0.05968160044504716,0.09402302820826333,0.059346827789436195,0.02153179136711074,0.039079545848976174,0.04379343558014762,0.06200272948215853,0.05424491569297275,0.012936887927895874,0.03303946972769987,0.07011617338000614
3,0.08187910967620628,0.051418021844008205,0.042426950984743445,0.05769238621739973,0.014722303335731952,0.03888086246099774,0.0686744346481152,0.07159043782137493,0.02277212007387238,0.05969734125550707,0.09411368569878988,0.05946773388201596,0.021530533645018737,0.03906345947848827,0.0437335561910368,0.06193247951778296,0.05420712846612039,0.012953185328533928,0.03308461120708232,0.0701596582671737
4,0.08183703080516437,0.051416612584908275,0.0424243837072871,0.05763152274951396,0.014738251214390452,0.0388823579120566,0.06871410362134407,0.07145843211320603,0.022752793553648717,0.05975585363082248,0.09421231840285911,0.05952351713638876,0.02151082100068005,0.0390844100078819,0.04373249280771369,0.061926079425473436,0.05420007143372523,0.01294377050960954,0.033069470537132654,0.07018570684619366
5,0.08180397407364438,0.05146300503926135,0.04235052429041601,0.0575709244785713,0.014759313876253136,0.038888652673108426,0.06878767404662994,0.07136213296852402,0.022743028022192698,0.05977067964867639,0.09429794410539,0.05964643359513806,0.021517171559799403,0.03910693674717371,0.04374604230800384,0.061846085313078655,0.05417908997887776,0.012947711239752276,0.03306781299944954,0.07014486303605898
6,0.08183531246663606,0.051517720660492566,0.04228783928918049,0.057465611586028184,0.014771862605557495,0.0388984187984195,0.0688405968523212,0.07122982253935242,0.022721017389782775,0.05979456536653238,0.09434440725045877,0.05978536001561577,0.021518664851790204,0.039082885802429426,0.04378846576730407,0.06183671332563194,0.054089356289877134,0.012961339788936396,0.03307791141593291,0.0701521279377203
7,0.08181379183698338,0.051572711577489806,0.04229338010500642,0.057402567556488565,0.01479054538726306,0.03891733905290396,0.06885849382585202,0.07115495654098064,0.022716760342456843,0.059731605298881996,0.0943733825309743,0.05992521448763207,0.021508569456683384,0.03908880540522637,0.04385493588625948,0.06183701573476812,0.054027498130014125,0.01297033263909335,0.033039464313138964,0.07012262989190325
8,0.08177786482244852,0.05166673873287577,0.04225462092751979,0.0573378065251271,0.014774097879470182,0.038952733895113216,0.06891058788219066,0.07117894378073339,0.02270899411685491,0.05966802066350496,0.09437593633075288,0.06007294795717612,0.021503674104747787,0.03909247450764095,0.04394056318468066,0.061823037616023105,0.053937027701411656,0.012979191518904849,0.032994554338345,0.07005018351447852
9,0.08175212996517513,0.05176945643282876,0.04228463941098217,0.05731299548476808,0.014814216763996177,0.039006129763311186,0.06892187197843548,0.07118163482376057,0.02271369727676028,0.059786028401994144,0.09459455728229067,0.06013633127003401,0.020884923027962833,0.03917235872609146,0.043895337213678054,0.061629835353057244,0.05391872380335319,0.01301059928225,0.03307235403220719,0.07014217970706343
10,0.0818393312113691,0.051737919576553645,0.042232429839884296,0.05729408757088291,0.014808221195332908,0.039033442722214394,0.06890851480945108,0.07136626818840804,0.022718433602816245,0.05982634481272537,0.09474125101495448,0.059998953141028044,0.020758606661560763,0.03921474059698672,0.04381223052122325,0.06154754343951264,0.053825673095364325,0.013033548436452528,0.03312691632779336,0.07017554323548601
11,0.08190169521082183,0.0517159953774435,0.04228878543213433,0.05734592563256244,0.014789097536600345,0.0390095422774623,0.06894467936604803,0.07151660638853215,0.02273066951089491,0.05983707267416383,0.09478470583620942,0.05984798469462292,0.02071923764384356,0.039237298382323024,0.043672388254444444,0.06146394632238192,0.05375478486926807,0.01305713751120827,0.03315542430331588,0.07022702277571888
12,0.08200049837922617,0.051764382116408166,0.042340488734186686,0.05739044891066572,0.014784279308778885,0.038995469327050135,0.06893552335801094,0.07161829145404926,0.022725416456191295,0.05978537439049105,0.09477211635851951,0.05981367483928659,0.020703807190707045,0.03922338158109159,0.043627066674086896,0.06140906061759108,0.05371295125300727,0.013052437506205177,0.03312520711610816,0.07022012442833843
13,0.08207056505902395,0.05177647812175694,0.04236159287038094,0.05743907982329691,0.01478596716921638,0.03896154058523495,0.06888497346358366,0.07177039127241508,0.022741945065007454,0.05971492296053667,0.09474178386553492,0.05982341856405128,0.02071371056272474,0.03923673107404803,0.04351244179744518,0.0614041152440048,0.05369040755984514,0.013064953695714728,0.033153178991840726,0.07015180225433751
14,0.08215978584737328,0.051765908212963785,0.042390201283081304,0.05747153007745617,0.014777441096018463,0.03894807148475208,0.06884017371149352,0.07189711229280157,0.02279842288024262,0.05959147720068612,0.09472597133480153,0.05980732119228672,0.020715546791438617,0.03924011119625451,0.043475687509713215,0.06144318590155469,0.0536528975858005,0.013072489458972596,0.03314308450384613,0.07008358043846269
15,0.08223240054276333,0.05171771478329796,0.04243652483432786,0.057510696094013485,0.014763516007060683,0.038925479352502096,0.06883697572157021,0.07202003962166298,0.022795461731040263,0.05960432068841993,0.094669578690948,0.05970976226315781,0.020726846394568156,0.03919750801819775,0.043488821153124774,0.06145633041808265,0.05363929475801067,0.013056104296230303,0.03315459308533405,0.07005803154568695
16,0.08229821480175661,0.0516787752181535,0.04245004356092944,0.05754723721350705,0.014729991565065362,0.038878634031696814,0.06887041237321896,0.07212681828215763,0.02281936771074265,0.059597479971041534,0.09456533445939355,0.059665194019407994,0.02071953907527106,0.03922504204136184,0.043471352692084304,0.061458283347574846,0.05363021944684408,0.013024983817936698,0.033184415745064186,0.07005866062679186
